# Top 50 Chart Patterns - Composite Scoring (1-Month Optimized)
# Market: NYSE_Yahoo | End Date: 2026-10-02
# Format: Rank,Symbol,Date,Pattern,Price,Composite,Tier,Pattern,Momentum,Volatility,Volume,Risk
#
1,MG,2026-09-18,DarvasBox,20.75,85.9,1,87.9,28.0,100.0,35.3,0.0
2,KODK,2026-09-18,CupHandle,9.55,84.8,1,79.1,71.6,54.2,53.0,2.9
3,SCA,2026-09-23,CupHandle,25.82,82.4,1,78.2,71.6,50.0,100.0,13.2
4,ASC,2026-09-30,CupHandle,18.66,81.5,1,72.7,74.1,78.6,57.3,0.0
5,TWN,2026-09-28,CupHandle,102.10,80.2,1,79.8,68.0,64.6,36.1,22.8
6,ASPN,2026-09-24,CupHandle,5.30,80.1,1,74.3,71.9,79.2,51.0,2.9
7,XCOR,2026-09-18,CupHandle,88.79,76.9,1,64.2,84.4,81.2,55.6,14.1
8,KF,2026-09-22,CupHandle,68.42,76.7,1,71.7,71.9,75.5,29.3,13.8
9,AMRX,2026-09-21,DarvasBox,20.16,76.3,1,88.9,58.7,16.7,57.9,11.4
10,BP,2026-09-15,CupHandle,46.96,75.8,1,69.4,71.6,50.5,43.4,0.0
11,PLPC,2026-09-17,CupHandle,412.82,75.5,1,65.7,68.0,92.7,52.6,15.6
12,PLpC,2026-09-17,CupHandle,412.82,75.5,1,65.7,68.0,92.7,52.6,15.6
13,TK,2026-09-16,CupHandle,14.39,74.9,1,78.5,72.2,19.8,48.4,0.0
14,GIC,2026-09-22,DarvasBox,41.85,74.1,1,70.5,74.7,63.0,45.4,0.0
15,ZIM,2026-09-28,CupHandle,28.39,74.1,1,75.9,68.1,59.4,52.3,12.1
16,E,2026-10-01,CupHandle,54.39,74.1,1,63.2,65.6,86.5,51.2,0.0
17,QGEN,2026-09-29,CupHandle,44.40,73.1,1,74.4,72.0,25.5,78.4,11.4
18,MTW,2026-09-18,DarvasBox,22.35,73.0,1,78.5,68.0,26.6,69.2,11.4
19,MTRN,2026-10-02,CupHandle,312.16,72.9,1,70.6,68.0,88.0,64.6,5.3
20,HIMS,2026-09-30,CupHandle,29.79,71.7,1,62.7,62.6,86.5,49.0,0.0
21,ARW,2026-10-02,CupHandle,242.01,71.3,1,67.3,73.9,70.3,57.6,2.9
22,LPG,2026-09-16,CupHandle,57.86,71.3,1,71.9,70.8,39.1,50.3,0.0
23,EQNR,2026-09-16,CupHandle,44.20,71.2,1,74.0,84.0,62.0,47.8,0.0
24,TALO,2026-09-15,CupHandle,18.33,71.1,1,73.5,65.1,66.1,40.5,0.0
25,ALTG,2026-09-23,CupHandle,6.01,71.1,1,61.3,74.3,87.5,52.6,5.7
26,NBXG,2026-09-30,CupHandle,15.69,70.8,1,64.3,64.1,80.7,52.1,0.0
27,UMC,2026-09-18,CupHandle,24.61,70.6,1,73.4,47.7,60.4,55.8,7.9
28,WS,2026-09-29,CupHandle,35.64,70.4,1,66.3,68.0,83.3,62.8,5.7
29,AP,2026-10-01,CupHandle,8.99,70.3,1,62.2,75.7,90.6,63.4,1.9
30,BTX,2026-10-01,CupHandle,9.16,69.1,1,63.9,65.2,75.5,67.1,0.0
31,EDU,2026-09-24,CupHandle,57.08,69.0,1,80.4,61.2,92.2,59.6,0.0
32,DT,2026-09-22,DarvasBox,57.20,69.0,1,72.2,43.2,87.0,35.9,0.0
33,MFSG,2026-10-02,CupHandle,30.92,68.9,1,63.2,74.5,58.3,59.0,7.9
34,RNG,2026-09-22,DarvasBox,79.73,68.5,1,68.7,72.8,58.9,46.0,11.4
35,ONTO,2026-09-18,CupHandle,263.43,68.4,1,65.9,68.0,91.1,46.0,0.8
36,CLH,2026-09-18,CupHandle,315.80,68.2,1,60.8,68.0,75.5,48.9,0.0
37,SHOC,2026-09-29,CupHandle,111.50,67.6,1,63.0,72.2,85.4,53.1,14.7
38,BSTZ,2026-10-01,CupHandle,30.89,67.5,1,60.0,72.0,71.4,79.8,0.0
39,WAT,2026-09-28,DarvasBox,442.94,66.7,1,77.3,15.0,62.5,50.4,0.0
40,MED,2026-09-25,CupHandle,12.17,66.6,1,76.0,74.4,100.0,46.7,14.3
41,NPK,2026-09-22,CupHandle,150.95,66.6,1,67.0,49.8,60.9,45.7,0.0
42,BST,2026-09-29,CupHandle,49.94,65.6,1,64.2,63.4,39.6,87.5,0.0
43,SDRL,2026-09-15,CupHandle,49.76,65.0,1,82.5,59.4,55.2,54.2,2.9
44,OWLT,2026-09-22,CupHandle,5.53,64.8,1,67.3,42.0,75.0,35.4,11.4
45,GAP,2026-09-28,CupHandle,22.95,64.2,1,71.3,57.9,31.8,52.3,11.4
46,AI,2026-09-18,CupHandle,10.48,64.1,1,69.4,55.6,38.5,52.2,11.4
47,SHEL,2026-10-01,CupHandle,95.61,63.8,1,67.4,50.4,30.7,63.5,0.0
48,MCOW,2026-09-24,CupHandle,21.78,63.8,1,60.8,74.6,61.5,36.1,20.0
49,SXI,2026-09-29,CupHandle,273.35,63.7,1,56.9,68.0,80.7,56.0,2.9
50,WOLF,2026-10-02,CupHandle,35.28,63.6,1,65.9,68.0,57.3,75.1,7.1
