# Top 50 Chart Patterns - Composite Scoring (1-Month Optimized)
# Market: NYSE_Yahoo | End Date: 2026-10-07
# Format: Rank,Symbol,Date,Pattern,Price,Composite,Tier,Pattern,Momentum,Volatility,Volume,Risk
#
1,EDU,2026-09-24,CupHandle,57.08,94.3,1,80.4,68.0,99.0,44.8,0.0
2,MG,2026-09-18,DarvasBox,20.75,83.5,1,87.9,26.5,100.0,30.1,11.4
3,HMC,2026-09-21,CupHandle,32.53,81.1,1,75.2,87.2,75.5,66.3,0.0
4,LLY,2026-09-30,CupHandle,1157.08,79.5,1,74.1,72.2,69.8,50.3,18.0
5,BWLP,2026-10-07,CupHandle,25.49,75.4,1,79.0,48.4,52.6,63.5,7.1
6,LSPD,2026-09-30,CupHandle,9.77,75.3,1,65.3,64.1,94.3,70.1,0.0
7,TRI,2026-09-23,CupHandle,98.45,74.8,1,65.4,68.0,87.0,44.7,2.9
8,IT,2026-09-18,CupHandle,185.78,73.8,1,70.4,68.0,66.1,36.1,0.7
9,MCK,2026-10-01,CupHandle,898.82,73.3,1,70.5,68.0,60.4,43.0,4.0
10,ZIM,2026-10-07,CupHandle,29.99,72.8,1,74.6,71.3,71.4,46.0,0.0
11,KODK,2026-09-18,CupHandle,9.55,72.4,1,79.1,25.1,48.4,52.5,11.4
12,VLTO,2026-10-05,CupHandle,96.57,71.3,1,64.5,74.7,85.9,49.9,2.9
13,GDDY,2026-09-21,CupHandle,104.77,70.7,1,68.9,68.0,58.9,31.1,0.0
14,ASPN,2026-09-24,CupHandle,5.30,69.5,1,74.3,27.9,77.1,41.3,0.7
15,PBR,2026-10-05,CupHandle,24.14,69.4,1,72.2,68.0,49.0,79.4,4.6
16,AI,2026-09-18,CupHandle,10.48,69.0,1,69.4,71.8,38.5,45.5,0.0
17,CLF,2026-09-23,CupHandle,12.87,68.3,1,75.9,46.2,50.0,50.4,0.7
18,TAK,2026-09-24,CupHandle,18.59,68.0,1,68.6,74.8,78.6,57.4,11.4
19,BDX,2026-09-18,CupHandle,180.94,66.3,1,64.9,68.0,70.3,47.9,11.4
20,GAP,2026-09-28,CupHandle,22.78,66.1,1,71.3,67.4,32.3,46.3,18.6
21,HCA,2026-09-18,CupHandle,427.71,65.8,1,64.7,73.4,62.5,37.5,22.9
22,RMD,2026-09-18,CupHandle,224.99,65.3,1,61.9,68.0,88.5,39.7,5.7
23,ASC,2026-09-30,CupHandle,18.66,65.3,1,72.7,28.8,60.4,57.6,0.0
24,MTRN,2026-10-05,CupHandle,319.18,65.1,1,72.5,15.0,80.7,68.5,4.3
25,AMRX,2026-09-21,DarvasBox,20.16,64.9,1,88.9,15.0,2.1,53.8,11.4
26,SCA,2026-09-23,CupHandle,25.82,64.1,1,78.2,32.8,50.0,77.1,13.1
27,NPK,2026-09-22,CupHandle,150.95,63.8,1,67.0,68.0,60.4,40.5,0.0
28,BHC,2026-10-06,CupHandle,6.02,63.5,1,73.2,70.3,100.0,54.2,2.9
29,SHEL,2026-10-01,CupHandle,95.61,63.0,1,67.4,68.0,22.9,56.2,0.0
30,DT,2026-09-22,DarvasBox,57.20,62.9,1,72.2,17.1,89.6,41.5,0.0
31,ONTO,2026-09-18,CupHandle,263.43,62.5,1,65.9,15.0,88.0,54.1,0.8
32,GWRE,2026-10-05,CupHandle,163.23,62.5,1,55.1,68.0,100.0,52.6,2.9
33,ENR,2026-09-18,CupHandle,21.38,62.4,1,66.3,27.4,76.0,50.8,14.3
34,GIB,2026-10-01,CupHandle,70.98,62.2,1,71.2,64.8,76.6,51.1,12.1
35,AAPw,2026-09-18,CupHandle,41.09,62.1,1,57.6,68.0,93.2,29.0,23.8
36,UMC,2026-10-05,CupHandle,23.92,61.8,1,79.2,15.0,62.0,62.9,12.1
37,RNG,2026-09-22,DarvasBox,79.73,61.6,1,68.7,33.7,67.7,42.6,2.9
38,FIGS,2026-10-06,CupHandle,14.10,60.9,1,60.5,71.8,59.4,70.3,0.0
39,METW,2026-09-18,CupHandle,26.32,60.5,1,78.3,27.1,24.0,29.3,34.3
40,MTW,2026-09-18,DarvasBox,22.35,60.3,1,78.5,15.0,27.1,38.9,11.4
41,FLR,2026-09-18,CupHandle,54.90,60.3,1,75.6,59.7,70.3,40.3,2.9
42,BTX,2026-10-05,CupHandle,9.38,59.6,1,65.6,22.3,71.9,55.6,0.0
43,NU,2026-10-05,CupHandle,15.18,59.6,1,68.2,69.9,55.7,61.2,7.1
44,SBS,2026-10-05,CupHandle,6.26,59.4,1,64.7,74.9,35.9,90.8,17.9
45,SNAP,2026-09-17,CupHandle,5.65,59.4,1,56.9,69.6,68.8,46.6,5.7
46,MED,2026-09-25,CupHandle,12.17,59.0,1,76.0,44.5,100.0,36.5,14.3
47,ASH,2026-09-18,CupHandle,69.06,58.7,1,69.0,68.0,87.5,50.2,2.9
48,SXT,2026-09-30,CupHandle,130.72,58.7,1,66.3,64.7,82.8,48.8,0.0
49,IFF,2026-09-24,CupHandle,85.85,58.7,1,61.3,68.0,91.7,54.7,2.9
50,NBXG,2026-09-30,CupHandle,15.69,58.3,1,64.3,20.4,74.5,47.5,0.0
