# Top 50 Chart Patterns - Composite Scoring (1-Month Optimized)
# Market: NASDAQ_Yahoo | End Date: 2026-10-01
# Format: Rank,Symbol,Date,Pattern,Price,Composite,Tier,Pattern,Momentum,Volatility,Volume,Risk
#
1,ACET,2026-09-11,CupHandle,9.52,68.6,1,100.0,65.0,100.0,100.0,11.4
2,IBRX,2026-09-17,CupHandle,8.46,67.4,1,100.0,65.0,100.0,69.0,11.4
3,AMZZ,2026-09-21,CupHandle,34.43,67.3,1,100.0,65.0,100.0,66.5,11.4
4,PDBC,2026-09-15,CupHandle,20.10,67.3,1,100.0,65.0,100.0,65.4,11.4
5,JEPQ,2026-09-21,CupHandle,61.01,67.2,1,100.0,65.0,100.0,64.7,11.4
6,FTGC,2026-09-15,CupHandle,31.57,67.0,1,100.0,65.0,100.0,59.4,11.4
7,EEMA,2026-09-21,CupHandle,119.27,67.0,1,100.0,65.0,100.0,84.7,18.6
8,WMG,2026-09-15,CupHandle,29.05,67.0,1,100.0,65.0,100.0,59.2,11.4
9,HALO,2026-09-24,DarvasBox,115.22,66.9,1,89.5,65.0,100.0,56.9,11.4
10,APLD,2026-09-17,CupHandle,26.38,66.9,1,100.0,65.0,100.0,55.5,11.4
11,DMAC,2026-09-17,CupHandle,6.85,66.8,1,100.0,65.0,100.0,65.8,15.0
12,SONO,2026-09-17,CupHandle,16.07,66.8,1,100.0,65.0,100.0,53.1,11.4
13,REFI,2026-09-17,Spoon,11.15,66.7,1,100.0,65.0,100.0,50.7,11.4
14,AMPH,2026-09-21,CupHandle,24.48,66.7,1,100.0,65.0,100.0,50.4,11.4
15,EGBN,2026-09-28,Spoon,28.45,66.6,1,100.0,65.0,100.0,49.5,11.4
16,GLBE,2026-09-21,CupHandle,39.69,66.6,1,100.0,65.0,100.0,49.1,11.4
17,WCBR,2026-09-17,DarvasBox,44.44,66.6,1,86.8,65.0,100.0,53.5,13.0
18,BUG,2026-09-15,DarvasBox,45.30,66.6,1,91.7,65.0,100.0,47.5,11.4
19,NTRA,2026-09-15,DarvasBox,350.78,66.5,1,84.5,65.0,100.0,56.9,11.4
20,CBLL,2026-09-17,CupHandle,25.00,66.4,1,100.0,65.0,100.0,43.4,11.4
21,PGEN,2026-09-17,DarvasBox,7.87,66.3,1,83.9,65.0,100.0,62.5,11.4
22,BRKU,2026-09-17,CupHandle,23.23,66.0,1,100.0,65.0,100.0,53.3,17.5
23,ILMN,2026-09-17,DarvasBox,245.18,65.9,1,89.0,65.0,100.0,31.0,11.4
24,PTNQ,2026-09-21,CupHandle,89.45,65.9,1,100.0,65.0,100.0,64.0,21.0
25,CGON,2026-09-21,CupHandle,78.25,65.8,1,100.0,65.0,100.0,68.6,22.9
26,IBEX,2026-09-11,CupHandle,39.80,65.8,1,100.0,65.0,100.0,27.5,11.4
27,KRT,2026-09-23,DarvasBox,53.05,65.7,1,83.9,65.0,100.0,48.3,11.4
28,SOLZ,2026-09-21,CupHandle,11.80,65.6,1,100.0,65.0,100.0,33.1,14.3
29,TSPY,2026-09-21,CupHandle,25.68,65.6,1,100.0,65.0,100.0,62.4,22.9
30,WBD,2026-09-21,Spoon,30.80,65.5,1,100.0,65.0,100.0,60.3,22.9
31,FFIN,2026-09-15,CupHandle,33.63,65.4,1,100.0,65.0,100.0,58.9,22.9
32,RDWR,2026-09-15,CupHandle,29.77,65.4,1,100.0,65.0,100.0,58.5,22.9
33,COIN,2026-09-21,CupHandle,201.05,65.3,1,100.0,65.0,100.0,41.1,18.6
34,BGC,2026-09-15,CupHandle,12.14,65.3,1,100.0,65.0,100.0,55.2,22.9
35,AMRX,2026-09-21,DarvasBox,20.16,65.3,1,95.0,65.0,100.0,55.0,22.9
36,QYLG,2026-09-15,CupHandle,29.42,65.3,1,100.0,65.0,100.0,42.0,19.2
37,EWTX,2026-09-15,CupHandle,43.63,65.3,1,100.0,65.0,100.0,54.5,22.9
38,MAGS,2026-09-17,CupHandle,70.78,65.2,1,100.0,65.0,100.0,53.1,22.9
39,VRSN,2026-09-21,CupHandle,308.18,65.1,1,100.0,65.0,100.0,50.2,22.9
40,HOMB,2026-09-15,Spoon,30.21,65.1,1,100.0,65.0,100.0,48.6,22.9
41,DBX,2026-09-15,CupHandle,37.63,65.0,1,100.0,65.0,100.0,50.8,23.6
42,WAY,2026-09-15,CupHandle,26.67,65.0,1,100.0,65.0,100.0,47.8,22.9
43,ENSG,2026-09-17,CupHandle,174.92,65.0,1,100.0,65.0,100.0,47.7,22.9
44,CLFD,2026-09-17,CupHandle,30.64,65.0,1,100.0,65.0,100.0,46.4,22.9
45,AAPL,2026-09-11,CupHandle,332.27,64.9,1,100.0,65.0,100.0,45.0,22.9
46,SQFTP,2026-09-23,CupHandle,6.95,64.9,1,100.0,65.0,100.0,52.0,24.9
47,VSAT,2026-09-21,CupHandle,76.38,64.9,1,100.0,65.0,100.0,43.8,22.9
48,SKYW,2026-09-11,CupHandle,96.14,64.8,1,100.0,65.0,100.0,42.5,22.9
49,PEGA,2026-09-15,CupHandle,37.63,64.8,1,100.0,65.0,100.0,41.6,22.9
50,CRSP,2026-09-21,CupHandle,58.33,64.7,1,100.0,65.0,100.0,39.7,22.9
