# Top 50 Chart Patterns - Composite Scoring (1-Month Optimized)
# Market: NASDAQ_Yahoo | End Date: 2026-10-06
# Format: Rank,Symbol,Date,Pattern,Price,Composite,Tier,Pattern,Momentum,Volatility,Volume,Risk
#
1,QQXL,2026-10-06,CupHandle,62.64,86.5,1,86.5,69.3,69.8,50.4,16.8
2,WCBR,2026-09-17,DarvasBox,44.44,81.2,1,81.5,47.8,82.8,54.6,0.2
3,SPRX,2026-10-06,CupHandle,52.46,81.1,1,76.3,65.1,90.6,68.3,10.4
4,FRHC,2026-10-02,CupHandle,173.00,81.0,1,78.1,74.9,90.6,76.2,12.4
5,SPAM,2026-10-06,DarvasBox,49.18,80.8,1,79.9,56.2,83.9,45.0,15.3
6,CHPS,2026-10-02,CupHandle,93.92,80.3,1,75.1,70.9,87.0,78.3,9.1
7,TBCH,2026-10-02,CupHandle,13.99,79.5,1,72.2,65.1,97.4,76.2,0.0
8,BRBI,2026-10-05,CupHandle,13.76,78.4,1,87.1,68.0,31.2,100.0,26.3
9,AVT,2026-10-02,DarvasBox,106.94,78.3,1,78.4,66.6,53.1,49.7,0.0
10,TSMG,2026-10-05,CupHandle,49.39,76.6,1,76.8,68.0,77.1,55.0,10.9
11,TER,2026-10-02,CupHandle,449.04,76.4,1,73.4,65.0,86.5,41.6,0.7
12,MSGM,2026-10-05,CupHandle,5.38,75.5,1,81.6,71.9,53.6,55.2,0.7
13,OUST,2026-10-02,CupHandle,44.39,74.9,1,72.8,69.4,80.7,53.3,0.7
14,SMHX,2026-10-02,CupHandle,63.22,74.5,1,70.9,71.4,70.8,82.8,8.0
15,PENG,2026-10-06,CupHandle,64.21,74.4,1,69.2,75.1,79.7,100.0,1.6
16,SPCX,2026-10-05,CupHandle,171.09,74.3,1,71.9,68.0,82.3,51.3,0.0
17,ENTG,2026-09-18,CupHandle,142.25,74.2,1,68.0,82.8,86.5,44.2,1.0
18,DIOD,2026-10-06,CupHandle,107.74,73.6,1,70.1,68.0,85.4,52.0,0.7
19,HYP,2026-10-06,CupHandle,30.40,73.5,1,71.6,69.9,76.6,60.6,24.3
20,QQUP,2026-10-02,CupHandle,65.70,72.9,1,77.8,68.0,58.9,49.0,13.9
21,AMRX,2026-09-21,DarvasBox,20.16,72.8,1,88.9,45.5,13.5,58.9,11.4
22,CHPX,2026-10-06,CupHandle,105.01,72.7,1,72.5,69.8,87.0,55.4,17.0
23,CLOD,2026-09-28,CupHandle,34.85,72.7,1,73.3,74.3,93.8,46.7,16.7
24,FTXL,2026-10-02,CupHandle,263.25,72.7,1,70.0,55.0,87.0,57.7,0.7
25,AIFD,2026-09-30,CupHandle,54.16,72.6,1,68.9,88.3,93.2,53.0,14.4
26,FDTX,2026-10-01,CupHandle,59.70,72.3,1,66.9,68.9,88.5,74.8,10.3
27,PTF,2026-10-01,CupHandle,111.45,71.3,1,68.4,65.1,95.8,54.4,4.1
28,FORM,2026-09-30,CupHandle,149.31,71.0,1,68.5,63.8,83.9,100.0,12.1
29,TARK,2026-09-30,CupHandle,55.06,70.6,1,72.7,87.1,39.6,100.0,24.5
30,NVDG,2026-10-02,CupHandle,21.92,70.4,1,66.6,73.6,89.6,47.5,0.7
31,NVDU,2026-10-02,CupHandle,152.61,69.7,1,67.4,68.0,90.1,56.0,0.7
32,AAOI,2026-10-06,CupHandle,130.16,69.6,1,65.3,68.0,93.8,65.2,2.3
33,AMDG,2026-10-02,CupHandle,143.76,69.3,1,74.3,67.8,56.8,46.6,15.0
34,MQQQ,2026-09-28,CupHandle,239.38,69.1,1,69.0,68.0,70.3,28.5,7.3
35,BCOR,2026-09-25,CupHandle,28.11,68.8,1,79.1,73.3,86.5,21.1,26.4
36,MRVL,2026-10-06,CupHandle,287.01,68.8,1,70.6,68.0,59.4,59.1,0.7
37,ADSK,2026-10-05,CupHandle,221.56,68.3,1,63.4,68.0,100.0,50.9,11.4
38,CLFD,2026-09-18,CupHandle,30.16,68.1,1,64.5,73.2,74.0,44.0,5.7
39,PIE,2026-10-06,CupHandle,35.69,68.1,1,69.3,68.0,83.9,96.0,9.9
40,EGGQ,2026-09-25,CupHandle,54.97,68.1,1,73.8,70.9,86.5,50.8,14.3
41,COHU,2026-10-02,CupHandle,73.48,67.9,1,67.6,65.7,81.8,56.6,0.8
42,KRT,2026-09-22,DarvasBox,52.20,67.5,1,79.0,20.0,60.4,48.6,0.0
43,ZBRA,2026-09-18,CupHandle,346.63,67.4,1,68.0,68.0,75.5,37.1,0.0
44,HIMX,2026-10-02,CupHandle,15.24,67.1,1,72.5,69.5,62.5,53.5,0.7
45,MU,2026-10-01,CupHandle,1097.39,66.9,1,76.3,45.8,87.5,57.0,0.7
46,TSLA,2026-10-02,CupHandle,370.59,66.8,1,74.0,68.0,90.1,54.6,18.6
47,VALU,2026-09-18,CupHandle,41.00,66.8,1,62.0,72.8,88.5,33.5,13.9
48,VOD,2026-09-17,CupHandle,17.52,66.6,1,80.3,71.9,64.6,57.7,2.9
49,PYPL,2026-09-25,CupHandle,55.04,66.4,1,73.8,68.0,87.5,38.4,5.7
50,SIMO,2026-10-06,CupHandle,284.96,66.2,1,72.9,58.9,92.2,46.4,0.7
