# Top 50 Chart Patterns - Composite Scoring (1-Month Optimized)
# Market: NASDAQ_Yahoo | End Date: 2026-10-05
# Format: Rank,Symbol,Date,Pattern,Price,Composite,Tier,Pattern,Momentum,Volatility,Volume,Risk
#
1,BUG,2026-09-15,DarvasBox,45.30,82.4,1,87.3,43.4,66.7,54.1,0.0
2,QQXL,2026-10-05,CupHandle,62.07,81.4,1,81.1,70.5,71.4,21.6,16.9
3,TBCH,2026-10-02,CupHandle,13.99,79.5,1,72.2,65.1,97.4,76.2,0.0
4,WCBR,2026-09-17,DarvasBox,44.44,79.4,1,81.5,39.9,84.9,47.2,1.2
5,BRBI,2026-10-05,CupHandle,13.76,78.8,1,87.1,68.0,33.9,100.0,26.3
6,AVT,2026-10-02,DarvasBox,106.94,78.3,1,78.4,66.6,53.1,49.7,0.0
7,CHPX,2026-10-02,CupHandle,104.15,78.2,1,74.6,78.7,85.9,48.8,21.6
8,MSGM,2026-10-05,CupHandle,5.38,78.0,1,81.6,70.7,41.1,50.5,1.4
9,BLFS,2026-10-05,DarvasBox,38.61,77.3,1,83.2,36.1,67.7,78.9,0.0
10,KRT,2026-09-22,DarvasBox,52.20,77.1,1,79.0,54.3,63.0,47.4,0.0
11,FTXL,2026-10-02,CupHandle,263.25,76.4,1,70.0,70.5,85.9,58.7,0.7
12,TER,2026-10-02,CupHandle,449.04,76.4,1,73.4,65.0,86.5,41.6,0.7
13,AMRX,2026-09-21,DarvasBox,20.16,76.1,1,88.9,58.7,15.6,57.9,11.4
14,FRHC,2026-10-02,CupHandle,173.00,76.0,1,78.1,68.9,92.2,76.5,12.7
15,TSMG,2026-10-05,CupHandle,49.39,75.8,1,76.8,68.0,75.0,50.3,12.1
16,SMHX,2026-10-02,CupHandle,63.22,75.7,1,70.9,70.7,73.4,81.5,7.0
17,CHPS,2026-10-02,CupHandle,93.92,75.5,1,75.1,51.4,85.4,69.3,12.4
18,TSMX,2026-10-05,CupHandle,102.15,75.1,1,74.8,68.0,75.5,53.2,3.8
19,ENTG,2026-09-18,CupHandle,142.25,74.2,1,68.0,82.8,86.5,44.2,1.0
20,SPCX,2026-10-05,CupHandle,171.09,73.8,1,71.9,68.0,80.7,49.2,0.0
21,EGGQ,2026-09-25,CupHandle,54.97,73.3,1,73.8,66.4,78.1,60.2,14.3
22,TEKY,2026-09-18,CupHandle,44.38,72.7,1,68.8,88.1,83.9,21.8,19.9
23,PTF,2026-10-01,CupHandle,111.45,71.3,1,68.4,65.1,95.8,54.4,4.1
24,FDTX,2026-10-01,CupHandle,59.70,71.0,1,66.9,65.6,88.0,72.8,11.4
25,FORM,2026-09-30,CupHandle,149.31,71.0,1,68.5,63.8,83.9,100.0,12.1
26,OUST,2026-10-02,CupHandle,44.39,70.7,1,72.8,52.9,80.7,53.3,0.7
27,DIOD,2026-10-02,CupHandle,103.84,70.7,1,67.6,68.0,85.4,52.0,0.7
28,SPRX,2026-10-02,CupHandle,51.08,70.5,1,69.6,52.1,89.1,60.6,9.9
29,HYP,2026-10-02,CupHandle,30.40,69.9,1,72.1,63.7,72.9,39.8,23.1
30,AIFD,2026-09-30,CupHandle,54.16,69.9,1,68.9,73.7,89.6,48.9,13.0
31,AMDG,2026-10-02,CupHandle,143.76,69.4,1,74.3,69.6,55.2,44.4,14.8
32,ADSK,2026-10-05,CupHandle,221.56,68.3,1,63.4,68.0,100.0,50.9,11.4
33,CLFD,2026-09-18,CupHandle,30.16,68.1,1,64.5,73.2,74.0,44.0,5.7
34,QQUP,2026-10-02,CupHandle,65.70,67.9,1,77.8,68.0,67.2,39.6,25.3
35,COHU,2026-10-02,CupHandle,73.48,67.9,1,67.6,65.7,81.8,56.6,0.8
36,ZBRA,2026-09-18,CupHandle,346.63,67.4,1,68.0,68.0,75.5,37.1,0.0
37,VALU,2026-09-18,CupHandle,41.00,67.3,1,62.5,72.8,88.5,33.5,13.9
38,HIMX,2026-10-02,CupHandle,15.24,67.1,1,72.5,69.5,62.5,53.5,0.7
39,MU,2026-10-01,CupHandle,1097.39,66.9,1,76.3,45.8,87.5,57.0,0.7
40,TSLA,2026-10-02,CupHandle,370.59,66.8,1,74.0,68.0,90.1,54.6,18.6
41,CDNA,2026-09-22,DarvasBox,56.49,66.7,1,74.5,60.5,40.1,56.1,3.4
42,JHAI,2026-10-01,CupHandle,35.92,66.7,1,65.6,81.2,87.5,59.5,15.9
43,VOD,2026-09-17,CupHandle,17.52,66.6,1,80.3,71.9,64.6,57.7,2.9
44,BCOR,2026-09-25,CupHandle,28.11,66.5,1,79.1,68.5,85.9,20.8,26.4
45,STRC,2026-09-30,CupHandle,99.35,66.4,1,75.4,68.6,62.5,58.4,5.7
46,LITE,2026-09-29,CupHandle,973.49,66.1,1,64.9,71.5,82.3,52.0,5.0
47,NVDG,2026-10-02,CupHandle,21.92,66.0,1,66.6,87.1,87.5,51.5,0.7
48,TTEQ,2026-10-02,CupHandle,45.62,65.9,1,61.0,78.2,75.0,84.9,0.4
49,PENG,2026-10-02,CupHandle,61.36,65.9,1,68.2,50.8,81.2,64.3,1.4
50,MQQQ,2026-09-28,CupHandle,239.38,65.5,1,69.0,68.0,70.3,27.0,18.1
