# Top 50 Chart Patterns - Composite Scoring (1-Month Optimized)
# Market: NYSE_Yahoo | End Date: 2026-10-08
# Format: Rank,Symbol,Date,Pattern,Price,Composite,Tier,Pattern,Momentum,Volatility,Volume,Risk
#
1,EDU,2026-09-24,CupHandle,57.08,92.1,1,80.4,68.0,98.4,39.1,0.0
2,DAC,2026-10-08,DarvasBox,170.22,90.1,1,86.8,73.6,51.0,71.2,0.0
3,MG,2026-09-18,DarvasBox,20.75,83.6,1,87.9,26.9,99.5,30.5,11.4
4,BHC,2026-10-06,CupHandle,6.02,80.3,1,73.2,74.3,100.0,44.6,2.9
5,BWLP,2026-10-07,CupHandle,25.49,78.6,1,79.0,74.5,49.0,65.1,11.4
6,IT,2026-09-18,CupHandle,185.78,77.1,1,70.4,68.0,73.4,37.3,0.7
7,CLF,2026-09-23,CupHandle,12.87,75.7,1,75.9,68.8,44.3,54.8,0.7
8,LSPD,2026-09-30,CupHandle,9.77,74.9,1,65.3,71.7,93.8,59.1,0.0
9,TRI,2026-09-23,CupHandle,98.45,73.4,1,65.4,68.0,83.9,39.8,0.0
10,GDDY,2026-09-21,CupHandle,104.77,71.1,1,68.9,72.8,57.8,32.5,0.0
11,WAT,2026-09-28,DarvasBox,442.94,70.8,1,77.3,29.8,54.7,60.4,11.4
12,FRO,2026-10-08,DarvasBox,56.26,70.7,1,75.6,73.4,25.0,50.3,0.0
13,ASC,2026-09-30,CupHandle,18.66,70.6,1,72.7,60.8,57.8,58.0,0.0
14,DT,2026-09-22,DarvasBox,57.20,70.0,1,72.2,55.2,72.9,46.9,0.2
15,RMD,2026-09-18,CupHandle,224.99,69.9,1,61.9,68.0,87.5,40.2,5.7
16,TDC,2026-10-08,CupHandle,30.29,69.8,1,61.6,72.5,74.5,67.4,5.7
17,ASPN,2026-09-24,CupHandle,5.30,68.9,1,74.3,25.4,77.1,39.0,0.7
18,AI,2026-09-18,CupHandle,10.48,68.2,1,69.4,73.0,38.0,43.5,0.0
19,RNG,2026-09-22,DarvasBox,79.73,68.1,1,68.7,54.6,70.8,40.5,0.0
20,PBR,2026-10-05,CupHandle,24.14,67.8,1,72.2,68.0,42.7,80.1,5.7
21,HCA,2026-09-18,CupHandle,427.71,67.4,1,64.7,72.4,60.9,38.4,5.7
22,ZIM,2026-10-07,CupHandle,29.99,67.1,1,74.6,65.5,70.8,43.4,0.0
23,NU,2026-10-05,CupHandle,15.18,66.7,1,68.2,73.4,57.3,60.5,8.7
24,BDX,2026-09-18,CupHandle,180.94,66.3,1,64.9,68.0,70.3,44.8,11.4
25,AMRX,2026-09-21,DarvasBox,20.16,65.0,1,88.9,19.2,0.5,50.0,11.4
26,RELX,2026-10-08,CupHandle,35.24,64.8,1,55.9,68.0,97.4,58.7,0.7
27,GWRE,2026-10-05,CupHandle,163.23,64.0,1,55.1,72.8,99.5,51.8,0.0
28,MTRN,2026-10-05,CupHandle,319.18,63.9,1,72.5,15.0,79.2,62.5,4.3
29,KEYS,2026-10-08,CupHandle,374.67,63.1,1,75.5,15.0,65.6,52.7,0.0
30,E,2026-10-01,CupHandle,54.39,62.5,1,67.7,68.0,84.4,49.4,2.9
31,HMC,2026-09-21,CupHandle,32.53,62.4,1,75.2,50.0,81.8,59.9,0.0
32,LLY,2026-10-08,CupHandle,1169.60,62.2,1,58.0,65.6,67.7,47.9,15.7
33,HIMS,2026-09-30,CupHandle,29.79,61.7,1,62.7,51.2,73.4,51.7,11.4
34,TECK,2026-10-02,CupHandle,68.56,61.6,1,71.2,40.8,68.2,38.6,11.4
35,ASH,2026-09-18,CupHandle,69.06,61.2,1,69.0,72.0,100.0,50.0,2.9
36,IFF,2026-09-24,CupHandle,85.85,61.2,1,61.3,68.0,91.7,51.7,0.0
37,DOCS,2026-09-30,CupHandle,28.34,61.2,1,62.2,74.7,60.9,56.3,5.7
38,BTX,2026-10-08,CupHandle,9.24,60.9,1,66.2,27.4,71.9,63.4,0.0
39,SKE,2026-10-08,CupHandle,31.41,60.8,1,65.4,65.2,50.5,52.1,0.7
40,NVGS,2026-10-01,CupHandle,23.80,60.6,1,64.0,73.6,22.9,47.3,2.9
41,EVTC,2026-10-05,CupHandle,29.12,60.5,1,65.1,70.0,92.2,45.2,11.4
42,SHEL,2026-10-08,CupHandle,100.20,60.4,1,66.4,68.0,22.9,56.9,0.0
43,ONTO,2026-09-18,CupHandle,263.43,60.3,1,65.9,15.0,87.5,49.4,12.6
44,ENR,2026-09-18,CupHandle,21.38,60.3,1,66.3,26.5,81.8,47.2,14.3
45,NXDT,2026-10-02,CupHandle,5.30,60.1,1,68.7,67.7,95.8,42.4,2.9
46,MTW,2026-09-18,DarvasBox,22.35,60.0,1,78.5,15.0,25.0,38.7,11.4
47,GIB,2026-10-01,CupHandle,70.98,60.0,1,71.2,74.1,74.5,47.0,12.1
48,SXC,2026-10-05,CupHandle,9.94,59.8,1,75.5,55.8,75.0,52.9,0.0
49,PCOR,2026-10-05,CupHandle,54.18,59.2,1,53.0,68.0,85.4,62.7,0.7
50,GAP,2026-09-28,CupHandle,22.78,58.8,1,71.3,34.6,42.7,45.8,22.9
