# Top 50 Chart Patterns - Composite Scoring (1-Month Optimized)
# Market: NYSE_Yahoo | End Date: 2026-10-06
# Format: Rank,Symbol,Date,Pattern,Price,Composite,Tier,Pattern,Momentum,Volatility,Volume,Risk
#
1,MG,2026-09-18,DarvasBox,20.75,94.3,1,87.9,66.3,100.0,34.9,11.4
2,EDU,2026-09-24,CupHandle,57.08,88.2,1,80.4,68.0,100.0,44.6,0.0
3,NVT,2026-10-06,CupHandle,173.80,85.8,1,75.2,72.4,84.4,47.6,0.7
4,LLY,2026-09-30,CupHandle,1157.08,82.5,1,74.1,69.8,78.6,47.4,13.2
5,LSPD,2026-09-30,CupHandle,9.77,79.0,1,65.3,71.7,99.0,73.0,0.0
6,SCA,2026-09-23,CupHandle,25.82,74.6,1,78.2,60.5,50.0,100.0,13.1
7,KODK,2026-09-18,CupHandle,9.55,73.7,1,79.1,27.7,52.6,52.5,7.1
8,ASPN,2026-09-24,CupHandle,5.30,73.6,1,74.3,51.2,78.1,41.4,0.7
9,BTX,2026-10-05,CupHandle,9.38,73.2,1,65.6,74.6,73.4,58.6,0.0
10,NBXG,2026-09-30,CupHandle,15.69,73.1,1,64.3,72.7,78.1,48.5,0.0
11,GDDY,2026-09-21,CupHandle,104.77,72.9,1,68.9,69.7,63.0,29.1,0.0
12,HIMS,2026-09-30,CupHandle,29.79,72.1,1,62.7,70.0,85.4,42.5,11.4
13,WAT,2026-09-28,DarvasBox,442.94,71.2,1,77.3,35.1,55.2,55.3,11.4
14,AI,2026-09-18,CupHandle,10.48,70.2,1,69.4,71.9,41.7,48.9,0.0
15,DFIN,2026-09-16,CupHandle,48.91,70.0,1,72.5,64.3,88.5,48.6,0.0
16,DT,2026-09-22,DarvasBox,57.20,69.9,1,72.2,39.9,88.5,37.3,0.0
17,PBR,2026-10-05,CupHandle,24.14,69.8,1,72.2,68.0,46.9,74.6,2.5
18,AKA,2026-09-18,CupHandle,10.90,69.7,1,65.5,69.2,79.2,12.8,25.4
19,GAP,2026-09-28,CupHandle,22.95,69.2,1,71.3,73.5,35.4,47.3,5.7
20,TK,2026-09-16,CupHandle,14.39,68.9,1,79.6,36.8,28.1,44.7,0.0
21,HMC,2026-09-21,CupHandle,32.53,68.8,1,75.2,65.1,77.6,73.5,2.9
22,ARW,2026-10-02,CupHandle,242.01,68.7,1,67.3,59.7,58.3,57.4,2.9
23,ONTO,2026-09-18,CupHandle,263.43,68.4,1,65.9,49.7,88.5,53.0,0.7
24,MFSG,2026-10-02,CupHandle,30.92,68.4,1,63.2,72.2,56.2,59.9,7.7
25,ZIM,2026-09-28,CupHandle,28.39,67.3,1,75.9,50.0,70.3,48.5,0.0
26,MTRN,2026-10-05,CupHandle,319.18,66.2,1,72.5,27.9,83.9,73.2,2.7
27,FIGS,2026-10-06,CupHandle,14.10,66.1,1,60.5,75.0,62.0,60.8,0.0
28,TWN,2026-09-28,CupHandle,102.10,65.9,1,79.8,70.6,52.6,47.7,22.8
29,AMRX,2026-09-21,DarvasBox,20.16,65.4,1,88.9,15.4,5.7,55.7,11.4
30,SHOC,2026-10-06,CupHandle,115.50,65.2,1,65.2,55.0,79.2,48.4,14.0
31,PWR,2026-10-06,CupHandle,719.56,65.1,1,60.7,68.0,79.2,55.6,2.7
32,MCK,2026-10-01,CupHandle,898.82,65.0,1,70.5,68.0,60.4,48.5,3.9
33,TRI,2026-09-23,CupHandle,98.45,64.9,1,65.4,66.7,89.6,43.2,14.3
34,ALTG,2026-09-23,CupHandle,6.01,64.3,1,61.3,54.3,81.2,47.5,5.7
35,SXC,2026-10-05,CupHandle,9.94,64.1,1,75.5,68.7,80.7,56.2,0.0
36,NU,2026-10-05,CupHandle,15.18,64.0,1,68.2,68.0,49.0,66.8,7.1
37,HCA,2026-09-18,CupHandle,427.71,64.0,1,64.7,61.7,63.0,37.0,22.9
38,IT,2026-09-18,CupHandle,185.78,63.8,1,70.4,15.0,77.1,37.7,0.7
39,XCOR,2026-09-18,CupHandle,88.79,63.8,1,64.2,72.4,61.5,56.9,14.1
40,SXI,2026-09-29,CupHandle,273.35,63.5,1,56.9,69.5,74.0,57.9,2.9
41,ENR,2026-09-18,CupHandle,21.38,63.1,1,66.3,28.2,77.1,49.3,14.3
42,FLR,2026-09-18,CupHandle,54.90,63.0,1,75.6,71.6,68.8,47.9,2.9
43,AP,2026-10-01,CupHandle,8.99,62.9,1,62.2,42.3,85.9,59.7,1.5
44,BHC,2026-10-06,CupHandle,6.02,62.8,1,73.2,69.0,100.0,54.6,2.9
45,CPA,2026-09-30,CupHandle,131.85,62.6,1,58.1,71.3,52.6,45.1,0.0
46,GWRE,2026-10-05,CupHandle,163.23,62.5,1,55.1,68.0,100.0,57.0,2.9
47,VLTO,2026-10-05,CupHandle,96.57,62.5,1,64.5,71.0,92.2,48.4,2.9
48,AAPw,2026-09-18,CupHandle,41.09,62.3,1,57.6,62.6,85.4,37.5,23.8
49,MTW,2026-09-18,DarvasBox,22.35,61.6,1,78.5,20.0,22.9,42.2,11.4
50,MED,2026-09-25,CupHandle,12.17,61.5,1,76.0,56.0,100.0,38.5,14.3
