# Top 50 Chart Patterns - Composite Scoring (1-Month Optimized)
# Market: NASDAQ_Yahoo | End Date: 2026-10-07
# Format: Rank,Symbol,Date,Pattern,Price,Composite,Tier,Pattern,Momentum,Volatility,Volume,Risk
#
1,QQXL,2026-10-06,CupHandle,62.64,88.1,1,86.5,73.8,67.7,51.4,15.8
2,FTXL,2026-10-07,CupHandle,258.23,83.5,1,83.3,47.7,85.9,60.7,0.7
3,NVDG,2026-10-07,CupHandle,22.51,83.2,1,75.8,72.1,89.6,100.0,7.9
4,SPRX,2026-10-06,CupHandle,52.46,82.9,1,76.3,72.0,87.5,70.0,9.7
5,DIOD,2026-10-07,CupHandle,100.65,79.9,1,73.9,57.8,80.7,56.4,0.7
6,FRHC,2026-10-02,CupHandle,173.00,79.6,1,78.1,69.7,87.5,75.6,12.0
7,CHPX,2026-10-07,CupHandle,104.51,78.4,1,80.0,60.2,83.9,67.5,9.5
8,QQUP,2026-10-02,CupHandle,65.70,78.3,1,77.8,68.0,68.8,39.4,13.9
9,BRBI,2026-10-05,CupHandle,13.76,78.1,1,87.1,68.0,31.2,100.0,26.3
10,WCBR,2026-09-17,DarvasBox,44.44,77.7,1,81.5,32.0,79.2,54.8,0.0
11,SMHX,2026-10-07,CupHandle,63.90,77.6,1,73.4,67.7,68.2,86.4,5.5
12,AVT,2026-10-02,DarvasBox,106.94,77.1,1,78.4,55.0,50.0,45.2,0.0
13,SPCX,2026-10-05,CupHandle,171.09,75.5,1,71.9,68.0,83.3,52.2,0.0
14,SPAM,2026-10-06,DarvasBox,49.18,75.0,1,79.9,35.7,79.7,54.6,13.9
15,TSMG,2026-10-05,CupHandle,49.39,74.7,1,76.8,55.0,76.0,55.9,8.6
16,NVEC,2026-10-07,CupHandle,111.92,73.6,1,72.2,37.3,92.7,48.5,0.9
17,CHPS,2026-10-02,CupHandle,93.92,73.1,1,75.1,56.4,83.3,74.1,8.8
18,NVDU,2026-10-02,CupHandle,152.61,73.1,1,67.4,73.7,90.1,53.4,0.7
19,ADSK,2026-10-05,CupHandle,221.56,72.3,1,63.4,68.0,99.0,52.4,11.4
20,PYPL,2026-09-25,CupHandle,55.04,71.5,1,73.8,68.0,86.5,39.9,2.9
21,PENG,2026-10-06,CupHandle,64.21,71.4,1,69.2,69.7,75.0,100.0,6.1
22,ZBRA,2026-09-18,CupHandle,346.63,71.3,1,68.0,68.0,74.5,39.5,0.0
23,KRT,2026-09-22,DarvasBox,52.20,70.9,1,79.0,15.0,80.7,48.9,2.9
24,TBCH,2026-10-02,CupHandle,13.99,70.7,1,72.2,37.2,90.6,77.4,0.0
25,MRVL,2026-10-06,CupHandle,287.01,70.2,1,70.6,68.0,62.0,64.8,0.7
26,OUST,2026-10-02,CupHandle,44.39,69.9,1,72.8,33.6,79.2,56.3,1.4
27,CLOD,2026-09-28,CupHandle,34.85,69.5,1,73.3,61.9,91.1,46.7,14.2
28,GGLL,2026-09-22,CupHandle,104.21,69.4,1,64.4,71.8,67.7,57.7,12.1
29,MQQQ,2026-09-28,CupHandle,239.38,69.2,1,69.0,68.0,65.1,30.0,6.4
30,RELL,2026-10-06,CupHandle,19.05,68.8,1,62.3,71.0,90.6,100.0,0.9
31,PTF,2026-10-01,CupHandle,111.45,67.7,1,68.4,54.8,96.4,54.8,4.2
32,PTC,2026-10-05,CupHandle,192.26,67.1,1,74.4,68.0,19.8,100.0,8.5
33,TSLA,2026-10-02,CupHandle,370.59,66.9,1,74.0,68.0,90.6,51.3,11.4
34,ENTG,2026-09-18,CupHandle,142.25,66.8,1,68.0,55.2,84.9,48.2,0.7
35,PIE,2026-10-06,CupHandle,35.69,66.6,1,69.3,74.7,81.8,92.6,9.9
36,AIFD,2026-09-30,CupHandle,54.16,66.3,1,68.9,72.1,84.9,44.4,13.0
37,MSGM,2026-10-05,CupHandle,5.38,65.8,1,81.6,69.4,64.1,56.0,0.7
38,FDTX,2026-10-01,CupHandle,59.70,65.6,1,66.9,51.2,85.9,73.4,7.9
39,AGIX,2026-10-07,CupHandle,48.94,65.6,1,69.4,64.7,76.0,54.4,0.1
40,COHU,2026-10-02,CupHandle,73.48,65.5,1,67.6,53.0,82.8,59.2,0.7
41,QQQG,2026-10-07,CupHandle,32.95,65.5,1,70.7,45.0,88.0,81.9,11.8
42,AMRX,2026-09-21,DarvasBox,20.16,65.1,1,88.9,15.4,3.6,57.7,11.4
43,NVDA,2026-09-18,CupHandle,222.27,65.1,1,65.3,72.7,90.6,50.2,0.0
44,STRC,2026-09-30,CupHandle,99.35,65.0,1,75.4,64.7,62.5,48.1,5.7
45,AAOI,2026-10-07,CupHandle,122.54,65.0,1,60.9,68.0,89.1,69.5,1.2
46,TER,2026-10-02,CupHandle,449.04,64.9,1,73.4,37.8,85.4,45.1,0.7
47,OLLI,2026-09-23,CupHandle,82.61,64.9,1,74.3,41.4,43.8,46.0,11.4
48,TRUT,2026-10-02,CupHandle,34.05,64.8,1,65.6,71.1,77.6,44.0,0.2
49,VOD,2026-09-17,CupHandle,17.52,64.4,1,80.3,63.6,60.4,58.9,2.9
50,BSET,2026-10-01,CupHandle,19.06,64.0,1,68.7,70.2,44.3,78.7,13.5
