# Top 50 Chart Patterns - Composite Scoring (1-Month Optimized)
# Market: NYSE_Yahoo | End Date: 2026-09-30
# Format: Rank,Symbol,Date,Pattern,Price,Composite,Tier,Pattern,Momentum,Volatility,Volume,Risk
#
1,SCA,2026-09-25,CupHandle,26.12,63.9,1,85.6,70.1,50.0,100.0,13.5
2,ASC,2026-09-30,CupHandle,18.66,61.7,1,75.2,72.3,87.5,60.1,0.0
3,KODK,2026-09-18,CupHandle,9.55,60.9,1,79.2,67.8,71.9,42.6,11.4
4,WAT,2026-09-28,DarvasBox,442.94,60.4,1,79.3,71.4,68.2,60.0,0.0
5,TNK,2026-09-11,DarvasBox,100.83,57.7,1,77.1,74.4,57.3,38.1,2.9
6,TMO,2026-09-17,DarvasBox,658.32,57.1,1,81.3,42.3,84.9,47.0,0.0
7,MG,2026-09-18,DarvasBox,20.75,56.6,1,88.1,18.6,100.0,40.2,0.0
8,ASPN,2026-09-25,CupHandle,5.22,55.0,2,74.0,58.8,81.2,86.6,12.1
9,DDS,2026-09-16,CupHandle,647.49,53.7,2,69.0,68.0,80.7,57.0,0.0
10,AMRX,2026-09-21,DarvasBox,20.16,53.5,2,89.0,50.1,27.6,49.4,0.0
11,MTRN,2026-09-18,CupHandle,251.53,53.3,2,68.9,64.9,100.0,45.6,0.0
12,GIC,2026-09-25,DarvasBox,41.50,53.2,2,71.4,63.8,70.8,62.2,0.0
13,BTX,2026-09-29,CupHandle,8.95,51.6,2,68.7,42.8,89.1,56.8,0.0
14,DT,2026-09-21,DarvasBox,56.40,51.2,2,72.3,48.4,90.1,49.5,0.0
15,LPG,2026-09-16,CupHandle,57.86,51.1,2,71.4,73.3,49.0,44.2,11.4
16,ARL,2026-09-29,CupHandle,16.63,51.1,2,76.3,72.5,31.8,22.8,33.4
17,SBH,2026-09-14,CupHandle,16.01,51.0,2,74.3,40.0,62.5,46.6,7.1
18,TK,2026-09-16,CupHandle,14.39,50.7,2,70.6,74.8,38.5,49.2,0.0
19,M,2026-09-14,CupHandle,22.58,50.2,2,70.1,73.0,24.5,44.3,3.6
20,AP,2026-09-30,CupHandle,8.85,49.0,2,60.7,66.2,95.3,68.2,10.7
21,CON,2026-09-16,DarvasBox,36.37,48.5,2,68.1,54.5,72.9,39.2,11.4
22,UMC,2026-09-18,CupHandle,24.61,48.4,2,74.5,40.3,72.4,33.9,0.0
23,ROG,2026-09-30,CupHandle,152.99,48.3,2,70.3,69.0,54.2,79.6,2.4
24,FPI,2026-09-29,CupHandle,11.09,48.1,2,69.8,74.2,26.6,71.4,5.7
25,NBXG,2026-09-30,CupHandle,15.69,47.9,2,63.1,49.2,84.4,53.3,0.0
26,XCOR,2026-09-18,CupHandle,88.79,47.5,2,63.9,54.3,90.1,32.9,25.6
27,NPK,2026-09-15,CupHandle,155.67,47.5,2,63.6,70.8,60.9,44.1,11.4
28,ALTG,2026-09-30,CupHandle,6.08,47.2,2,60.4,68.6,90.1,64.0,24.3
29,UGP,2026-09-11,CupHandle,7.45,46.9,2,73.2,30.6,58.9,58.8,0.0
30,ZIM,2026-09-24,CupHandle,29.38,46.9,2,74.0,28.7,52.1,74.0,12.1
31,CPA,2026-09-30,CupHandle,131.85,46.8,2,60.3,65.0,79.2,49.1,14.3
32,NAT,2026-09-11,DarvasBox,7.46,46.5,2,68.9,66.5,38.0,45.5,0.0
33,MFSG,2026-09-24,CupHandle,30.53,46.4,2,61.7,61.9,62.0,63.7,8.6
34,IMAX,2026-09-28,DarvasBox,56.13,46.2,2,69.4,32.3,75.5,61.1,0.0
35,EMR,2026-09-30,CupHandle,155.10,45.9,2,57.0,66.1,90.0,56.6,11.4
36,STK,2026-09-25,CupHandle,53.17,45.8,2,64.1,53.5,67.2,75.4,18.0
37,XFLT,2026-09-21,CupHandle,19.57,45.5,2,64.8,45.0,74.0,46.1,16.3
38,NVGS,2026-09-15,CupHandle,24.57,45.4,2,68.7,53.0,40.1,40.3,11.4
39,TEN,2026-09-10,CupHandle,44.71,45.0,2,75.2,45.6,17.2,42.3,11.4
40,LSPD,2026-09-29,CupHandle,9.75,44.9,3,71.2,73.5,100.0,91.3,11.4
41,BP,2026-09-15,CupHandle,46.96,44.2,3,70.0,33.8,43.2,45.4,11.4
42,USPH,2026-09-29,CupHandle,86.15,43.9,3,57.3,65.1,92.7,50.6,0.0
43,DHR,2026-09-21,CupHandle,215.84,43.8,3,63.8,33.5,93.8,59.5,0.0
44,EDU,2026-09-24,CupHandle,57.08,43.6,3,74.3,62.0,87.0,62.2,2.9
45,ROK,2026-09-11,CupHandle,428.39,43.3,3,53.3,72.6,79.7,38.6,2.9
46,SHOC,2026-09-29,CupHandle,111.50,42.4,3,63.5,37.0,87.0,52.4,14.0
47,ASX,2026-09-18,CupHandle,41.63,42.3,3,70.8,20.5,85.4,42.4,0.7
48,KEYS,2026-09-18,CupHandle,335.00,42.2,3,65.8,33.4,80.7,48.6,0.1
49,GNE,2026-09-10,CupHandle,15.69,41.7,3,58.8,52.7,79.7,45.4,15.1
50,ONTO,2026-09-18,CupHandle,263.43,41.5,3,67.8,67.9,91.7,32.2,0.7
