# Top 50 Chart Patterns - Composite Scoring (1-Month Optimized)
# Market: NASDAQ_Yahoo | End Date: 2026-09-30
# Format: Rank,Symbol,Date,Pattern,Price,Composite,Tier,Pattern,Momentum,Volatility,Volume,Risk
#
1,PDBC,2026-09-15,CupHandle,20.10,67.2,1,100.0,65.0,100.0,64.5,11.4
2,JEPQ,2026-09-21,CupHandle,61.01,67.1,1,100.0,65.0,100.0,61.8,11.4
3,DMAC,2026-09-17,CupHandle,6.85,67.1,1,100.0,65.0,100.0,63.9,12.1
4,AMZZ,2026-09-21,CupHandle,34.43,67.1,1,100.0,65.0,100.0,85.9,18.6
5,HALO,2026-09-24,DarvasBox,115.22,67.1,1,89.5,65.0,100.0,60.4,11.4
6,FTXN,2026-09-15,CupHandle,41.84,67.0,1,100.0,65.0,100.0,100.0,22.9
7,ACET,2026-09-11,CupHandle,9.52,67.0,1,100.0,65.0,100.0,100.0,22.9
8,IBRX,2026-09-17,CupHandle,8.46,66.8,1,100.0,65.0,100.0,54.2,11.4
9,EEMA,2026-09-21,CupHandle,119.27,66.8,1,100.0,65.0,100.0,94.4,22.9
10,FTGC,2026-09-15,CupHandle,31.57,66.8,1,100.0,65.0,100.0,53.5,11.4
11,BUG,2026-09-15,DarvasBox,45.30,66.7,1,91.7,65.0,100.0,52.1,11.4
12,GLBE,2026-09-21,CupHandle,39.69,66.7,1,100.0,65.0,100.0,50.5,11.4
13,AMPH,2026-09-21,CupHandle,24.48,66.7,1,100.0,65.0,100.0,50.3,11.4
14,SONO,2026-09-17,CupHandle,16.07,66.7,1,100.0,65.0,100.0,49.8,11.4
15,NTRA,2026-09-15,DarvasBox,350.78,66.7,1,84.5,65.0,100.0,59.7,11.4
16,WMG,2026-09-15,CupHandle,29.05,66.6,1,100.0,65.0,100.0,49.5,11.4
17,WCBR,2026-09-17,DarvasBox,44.44,66.6,1,86.8,65.0,100.0,55.5,13.6
18,APLD,2026-09-17,CupHandle,26.38,66.6,1,100.0,65.0,100.0,47.8,11.4
19,PGEN,2026-09-17,DarvasBox,7.87,66.5,1,83.9,65.0,100.0,67.5,11.4
20,ILMN,2026-09-17,DarvasBox,245.18,66.3,1,89.0,65.0,100.0,41.2,11.4
21,IBEX,2026-09-11,CupHandle,39.80,66.2,1,100.0,65.0,100.0,37.4,11.4
22,BRKU,2026-09-17,CupHandle,23.23,66.1,1,100.0,65.0,100.0,48.9,14.9
23,KRT,2026-09-23,DarvasBox,53.05,66.1,1,83.9,65.0,100.0,57.8,11.4
24,CGON,2026-09-21,CupHandle,78.25,66.0,1,100.0,65.0,100.0,72.2,22.9
25,COYA,2026-09-15,CupHandle,4.65,65.9,1,100.0,65.0,100.0,34.3,12.1
26,AAPL,2026-09-11,CupHandle,332.27,65.9,1,100.0,65.0,100.0,41.2,14.3
27,CBLL,2026-09-17,CupHandle,25.00,65.9,1,100.0,65.0,100.0,39.8,14.3
28,COIN,2026-09-21,CupHandle,201.05,65.7,1,100.0,65.0,100.0,36.3,14.3
29,BGC,2026-09-15,CupHandle,12.14,65.7,1,100.0,65.0,100.0,66.2,22.9
30,PTNQ,2026-09-21,CupHandle,89.45,65.6,1,100.0,65.0,100.0,57.8,21.3
31,RIBBU,2026-09-10,Spoon,14.90,65.6,1,100.0,65.0,100.0,100.0,33.3
32,FFIN,2026-09-15,CupHandle,33.63,65.5,1,100.0,65.0,100.0,59.6,22.9
33,WBD,2026-09-21,CupHandle,30.80,65.5,1,100.0,65.0,100.0,59.4,22.9
34,EWTX,2026-09-15,CupHandle,43.63,65.5,1,100.0,65.0,100.0,59.0,22.9
35,SKYW,2026-09-11,CupHandle,96.14,65.4,1,100.0,65.0,100.0,43.7,18.6
36,TSPY,2026-09-21,CupHandle,25.68,65.4,1,100.0,65.0,100.0,56.4,22.9
37,DBX,2026-09-15,CupHandle,37.63,65.3,1,100.0,65.0,100.0,58.9,23.6
38,RDWR,2026-09-15,CupHandle,29.77,65.3,1,100.0,65.0,100.0,55.3,22.9
39,ENSG,2026-09-17,CupHandle,174.92,65.3,1,100.0,65.0,100.0,39.6,18.6
40,MAGS,2026-09-17,CupHandle,70.78,65.2,1,100.0,65.0,100.0,51.3,22.9
41,CORZ,2026-09-17,CupHandle,17.14,65.1,1,100.0,65.0,100.0,49.9,22.9
42,QYLG,2026-09-15,CupHandle,29.42,65.1,1,100.0,65.0,100.0,37.0,19.2
43,AMRX,2026-09-21,DarvasBox,20.16,65.1,1,95.0,65.0,100.0,49.4,22.9
44,VRSN,2026-09-21,CupHandle,308.18,64.9,1,100.0,65.0,100.0,43.6,22.9
45,WAY,2026-09-15,CupHandle,26.67,64.8,1,100.0,65.0,100.0,43.0,22.9
46,CRSP,2026-09-21,CupHandle,58.33,64.8,1,100.0,65.0,100.0,41.7,22.9
47,CLFD,2026-09-17,CupHandle,30.64,64.8,1,100.0,65.0,100.0,41.4,22.9
48,PEGA,2026-09-15,CupHandle,37.63,64.7,1,100.0,65.0,100.0,40.1,22.9
49,COKE,2026-09-15,CupHandle,198.63,64.6,1,100.0,65.0,100.0,37.1,22.9
50,VSAT,2026-09-21,CupHandle,76.38,64.6,1,100.0,65.0,100.0,36.8,22.9
