# Top 50 Chart Patterns - Composite Scoring (1-Month Optimized)
# Market: NYSE_Yahoo | End Date: 2026-10-01
# Format: Rank,Symbol,Date,Pattern,Price,Composite,Tier,Pattern,Momentum,Volatility,Volume,Risk
#
1,KODK,2026-09-18,CupHandle,9.55,82.7,1,79.2,72.5,62.5,51.7,7.1
2,SCA,2026-09-25,CupHandle,26.12,82.2,1,85.6,73.1,50.0,100.0,13.2
3,MG,2026-09-18,DarvasBox,20.75,80.0,1,88.1,15.0,100.0,35.4,0.0
4,ASC,2026-09-30,CupHandle,18.66,79.6,1,75.2,68.0,79.2,63.5,0.0
5,ASPN,2026-09-25,CupHandle,5.22,78.8,1,74.0,72.7,80.7,58.3,12.1
6,MTRN,2026-10-01,CupHandle,285.14,77.3,1,74.6,68.0,90.1,55.3,5.2
7,TMO,2026-09-17,DarvasBox,658.32,76.3,1,81.3,26.0,84.4,45.3,0.0
8,HBM,2026-09-28,CupHandle,26.87,75.7,1,77.9,74.1,56.2,61.0,1.4
9,WSM,2026-10-01,CupHandle,233.39,75.2,1,71.3,72.1,97.0,44.3,11.4
10,GIC,2026-09-25,DarvasBox,41.50,74.5,1,71.4,70.9,66.7,50.6,0.5
11,AMRX,2026-09-21,DarvasBox,20.16,74.1,1,89.0,46.6,27.1,55.0,11.4
12,UMC,2026-09-18,CupHandle,24.61,74.0,1,74.5,71.3,69.8,38.9,2.9
13,ZIM,2026-09-24,CupHandle,29.38,73.7,1,74.0,72.6,55.7,72.3,12.1
14,MUR,2026-09-16,CupHandle,38.19,73.5,1,70.2,71.6,64.6,47.1,0.0
15,TNK,2026-09-11,DarvasBox,100.83,73.3,1,77.1,62.4,38.0,46.0,0.0
16,EQNR,2026-09-16,CupHandle,44.20,71.6,1,75.3,59.7,64.1,52.1,0.0
17,ONTO,2026-09-18,CupHandle,263.43,70.6,1,67.8,72.1,90.1,41.5,1.9
18,DAR,2026-09-18,CupHandle,65.36,70.6,1,75.9,68.0,82.3,47.7,14.3
19,BTX,2026-10-01,CupHandle,9.16,70.4,1,66.9,73.2,78.1,65.9,0.0
20,ASX,2026-09-18,CupHandle,41.63,70.1,1,70.8,63.1,78.1,49.6,1.9
21,CACI,2026-09-14,CupHandle,637.16,70.0,1,68.3,74.6,91.7,52.6,0.0
22,EDU,2026-09-24,CupHandle,57.08,69.9,1,74.3,72.9,99.0,49.1,2.9
23,AP,2026-10-01,CupHandle,8.99,69.6,1,60.2,83.2,90.6,63.9,2.4
24,SXC,2026-10-01,CupHandle,9.74,68.8,1,71.5,73.3,85.9,54.3,0.0
25,CVE,2026-10-01,CupHandle,31.65,68.7,1,66.4,72.7,87.5,53.2,0.0
26,UGP,2026-09-11,CupHandle,7.45,68.6,1,73.2,59.2,58.9,59.4,0.0
27,WS,2026-09-24,CupHandle,35.48,68.3,1,65.3,72.8,93.2,59.8,11.4
28,LSPD,2026-09-29,CupHandle,9.75,67.5,1,71.2,72.0,96.9,72.5,11.4
29,ROG,2026-09-30,CupHandle,152.99,67.2,1,70.3,68.0,51.6,79.4,4.9
30,TWN,2026-09-28,CupHandle,102.10,66.8,1,72.5,73.0,63.5,47.8,22.7
31,SHOC,2026-09-29,CupHandle,111.50,66.6,1,63.5,68.2,85.9,52.5,16.1
32,ALTG,2026-09-30,CupHandle,6.08,66.5,1,60.4,74.4,90.1,64.6,14.3
33,XCOR,2026-09-18,CupHandle,88.79,66.2,1,63.9,67.9,85.4,66.0,14.1
34,IT,2026-09-18,CupHandle,185.78,65.7,1,70.0,71.5,55.7,39.6,0.7
35,TALO,2026-09-15,CupHandle,18.33,65.7,1,73.3,49.9,75.0,42.5,7.1
36,FPI,2026-09-29,CupHandle,11.09,65.5,1,69.8,72.6,20.3,82.5,5.7
37,NBXG,2026-09-30,CupHandle,15.69,65.2,1,63.1,64.0,82.8,52.5,0.0
38,DT,2026-09-21,DarvasBox,56.40,64.9,1,72.3,60.8,87.0,40.4,0.0
39,SM,2026-09-14,CupHandle,39.03,64.8,1,74.1,73.1,51.6,39.6,11.4
40,WCC,2026-09-28,CupHandle,364.67,64.5,1,63.3,68.0,66.7,51.1,0.0
41,MCK,2026-10-01,CupHandle,898.82,64.2,1,70.8,68.0,57.8,43.5,13.7
42,NAT,2026-09-11,DarvasBox,7.46,64.1,1,68.9,71.7,32.8,43.8,0.0
43,KEYS,2026-10-01,CupHandle,373.88,64.0,1,64.3,68.0,72.9,50.3,3.3
44,MED,2026-09-25,CupHandle,12.17,63.9,1,69.0,71.6,99.5,51.5,14.3
45,KWR,2026-09-29,CupHandle,158.02,63.2,1,60.9,71.5,98.4,52.7,10.0
46,E,2026-09-14,CupHandle,55.40,63.2,1,63.9,46.4,90.6,52.9,0.0
47,ASH,2026-09-14,CupHandle,69.67,63.2,1,67.8,68.0,93.8,44.9,10.0
48,TK,2026-09-16,CupHandle,14.39,63.1,1,70.6,61.9,22.4,51.1,0.0
49,DE,2026-09-23,CupHandle,709.48,62.8,1,71.2,42.8,88.0,51.4,11.4
50,OR,2026-09-18,CupHandle,36.74,62.1,1,74.2,73.7,66.1,46.8,22.9
