# Top 50 Chart Patterns - Composite Scoring (1-Month Optimized)
# Market: NASDAQ_Yahoo | End Date: 2026-10-02
# Format: Rank,Symbol,Date,Pattern,Price,Composite,Tier,Pattern,Momentum,Volatility,Volume,Risk
#
1,BUG,2026-09-15,DarvasBox,45.30,82.4,1,87.3,43.4,66.7,54.1,0.0
2,CHPX,2026-10-02,CupHandle,104.15,80.2,1,74.6,78.7,85.9,48.8,21.6
3,WCBR,2026-09-17,DarvasBox,44.44,79.4,1,81.5,39.9,84.9,47.2,1.2
4,AVT,2026-10-02,DarvasBox,106.94,78.7,1,78.4,68.0,53.1,54.1,0.0
5,PTF,2026-10-01,CupHandle,111.45,77.9,1,68.4,71.2,95.8,50.1,3.8
6,FRHC,2026-10-02,CupHandle,173.00,77.2,1,78.1,68.9,92.2,76.5,12.7
7,KRT,2026-09-22,DarvasBox,52.20,77.1,1,79.0,54.3,63.0,47.4,0.0
8,FTXL,2026-10-02,CupHandle,263.25,76.4,1,70.0,70.5,85.9,58.7,0.7
9,AMRX,2026-09-21,DarvasBox,20.16,76.1,1,88.9,58.7,15.6,57.9,11.4
10,SMHX,2026-10-02,CupHandle,63.22,75.7,1,70.9,70.7,73.4,81.5,7.0
11,CHPS,2026-10-02,CupHandle,93.92,75.5,1,75.1,51.4,85.4,69.3,12.4
12,EGGQ,2026-09-25,CupHandle,54.97,74.9,1,73.8,66.4,78.1,60.2,14.3
13,DIOD,2026-10-02,CupHandle,103.84,73.5,1,67.6,68.0,90.1,45.1,0.7
14,DXPE,2026-09-24,CupHandle,193.65,73.4,1,73.8,68.0,90.6,65.6,11.4
15,HIMX,2026-10-02,CupHandle,15.24,73.2,1,72.5,73.4,61.5,47.6,3.6
16,TSLA,2026-10-02,CupHandle,370.59,72.9,1,74.0,68.0,82.8,54.2,22.9
17,TSMX,2026-10-02,CupHandle,96.82,71.5,1,71.7,68.0,75.5,53.1,3.8
18,AIFD,2026-09-30,CupHandle,54.16,71.3,1,68.9,73.7,89.6,48.9,13.0
19,FDTX,2026-10-01,CupHandle,59.70,71.2,1,66.9,65.6,88.0,72.8,11.4
20,RDWR,2026-09-15,CupHandle,29.77,71.2,1,73.5,52.7,77.6,53.4,11.4
21,OUST,2026-10-02,CupHandle,44.39,70.7,1,72.8,52.9,80.7,53.3,0.7
22,SPRX,2026-10-02,CupHandle,51.08,70.5,1,69.6,52.1,89.1,60.6,9.9
23,TER,2026-10-02,CupHandle,449.04,70.4,1,73.4,50.4,87.0,43.2,0.9
24,PIE,2026-10-02,CupHandle,34.77,70.1,1,75.0,68.9,82.8,86.4,16.9
25,HYP,2026-10-02,CupHandle,30.40,69.9,1,72.1,63.7,72.9,39.8,23.1
26,AMDG,2026-10-02,CupHandle,143.76,69.4,1,74.3,69.6,55.2,44.4,14.8
27,TEKY,2026-09-18,CupHandle,44.38,69.4,1,68.8,68.8,84.4,21.7,19.9
28,MU,2026-10-01,CupHandle,1097.39,69.1,1,76.3,55.0,87.5,55.7,0.7
29,QQUP,2026-10-02,CupHandle,65.70,69.0,1,77.8,68.0,67.2,39.6,25.3
30,FORM,2026-09-30,CupHandle,149.31,68.5,1,68.5,55.0,83.3,100.0,1.6
31,JHAI,2026-10-01,CupHandle,35.92,68.0,1,65.6,81.2,87.5,59.5,15.9
32,GXDW,2026-09-30,CupHandle,24.95,67.8,1,68.2,74.7,75.5,100.0,20.1
33,TTEQ,2026-10-02,CupHandle,45.62,67.5,1,61.0,78.2,75.0,84.9,0.4
34,MQQQ,2026-09-28,CupHandle,239.38,67.2,1,69.0,68.0,70.3,27.0,18.1
35,NVDG,2026-10-02,CupHandle,21.92,67.1,1,66.6,87.1,87.5,49.3,0.7
36,BCOR,2026-09-25,CupHandle,28.11,67.1,1,79.1,68.5,85.9,20.8,26.4
37,TSMU,2026-10-02,CupHandle,84.07,66.9,1,68.9,68.0,76.0,50.9,13.7
38,SPCX,2026-10-02,CupHandle,158.96,66.9,1,65.9,68.0,80.7,49.1,0.0
39,VOD,2026-09-17,CupHandle,17.52,66.8,1,80.3,71.6,66.7,58.9,2.9
40,CDNA,2026-09-22,DarvasBox,56.49,66.7,1,74.5,60.5,40.1,56.1,3.4
41,CLFD,2026-09-18,CupHandle,30.16,66.3,1,64.5,68.0,74.0,48.7,12.9
42,MKTX,2026-09-25,CupHandle,164.19,66.2,1,79.4,61.6,86.5,37.5,2.9
43,SANM,2026-09-30,CupHandle,214.91,66.2,1,61.6,72.7,67.7,54.7,0.1
44,LITE,2026-09-29,CupHandle,973.49,66.1,1,64.9,71.5,82.3,52.0,5.0
45,PENG,2026-10-02,CupHandle,61.36,65.9,1,68.2,50.8,81.2,64.2,1.4
46,CLOD,2026-09-28,CupHandle,34.85,65.5,1,73.3,61.9,92.7,46.7,21.4
47,NFXS,2026-10-01,CupHandle,22.20,65.5,1,64.5,68.8,81.8,34.4,14.3
48,TRUT,2026-10-02,CupHandle,34.05,65.5,1,65.6,74.5,79.2,47.5,0.8
49,AGIX,2026-09-29,CupHandle,47.68,65.0,1,64.4,72.7,80.2,48.6,0.8
50,COHU,2026-10-02,CupHandle,73.48,64.8,1,67.6,56.4,81.8,52.6,2.0
