# Top 50 Chart Patterns - Composite Scoring (1-Month Optimized)
# Market: NASDAQ_Yahoo | End Date: 2026-09-28
# Format: Rank,Symbol,Date,Pattern,Price,Composite,Tier,Pattern,Momentum,Volatility,Volume,Risk
#
1,DMAC,2026-09-17,CupHandle,6.85,67.2,1,100.0,65.0,100.0,66.4,12.1
2,WCBR,2026-09-17,DarvasBox,44.44,67.2,1,86.8,65.0,100.0,70.7,13.4
3,HALO,2026-09-24,DarvasBox,115.22,67.1,1,89.5,65.0,100.0,61.9,11.4
4,IBRX,2026-09-17,CupHandle,8.46,67.1,1,100.0,65.0,100.0,59.8,11.4
5,WBD,2026-09-21,CupHandle,30.80,67.0,1,100.0,65.0,100.0,100.0,22.9
6,NTRA,2026-09-15,DarvasBox,350.78,66.7,1,84.5,65.0,100.0,61.4,11.4
7,AMPH,2026-09-21,CupHandle,24.48,66.7,1,100.0,65.0,100.0,49.7,11.4
8,SONO,2026-09-17,CupHandle,16.07,66.6,1,100.0,65.0,100.0,47.2,11.4
9,KRT,2026-09-23,DarvasBox,53.05,66.4,1,83.9,65.0,100.0,65.1,11.4
10,ILMN,2026-09-17,DarvasBox,245.18,66.4,1,89.0,65.0,100.0,42.8,11.4
11,IBEX,2026-09-11,CupHandle,39.80,66.4,1,100.0,65.0,100.0,42.4,11.4
12,CIFR,2026-09-09,CupHandle,16.90,66.3,1,100.0,65.0,100.0,40.7,11.4
13,COIN,2026-09-21,CupHandle,201.05,66.1,1,100.0,65.0,100.0,35.7,11.4
14,SKYW,2026-09-11,CupHandle,96.14,65.9,1,100.0,65.0,100.0,41.2,14.3
15,KMTS,2026-09-08,CupHandle,25.64,65.9,1,100.0,65.0,100.0,33.4,12.1
16,AMRX,2026-09-21,DarvasBox,20.16,65.6,1,95.0,65.0,100.0,63.7,22.9
17,ARQT,2026-09-08,CupHandle,24.39,65.5,1,100.0,65.0,100.0,32.9,15.0
18,GYRE,2026-09-08,CupHandle,7.17,65.5,1,100.0,65.0,100.0,62.3,23.6
19,TLX,2026-09-08,CupHandle,11.98,65.1,1,100.0,65.0,100.0,75.8,11.4
20,GLBE,2026-09-21,CupHandle,39.69,65.0,1,100.0,65.0,100.0,53.0,14.3
21,VSAT,2026-09-21,CupHandle,76.38,64.8,1,100.0,65.0,100.0,42.6,22.9
22,UEIC,2026-09-11,CupHandle,4.79,64.7,1,100.0,65.0,100.0,27.0,19.3
23,SOLZ,2026-09-21,CupHandle,11.80,64.7,1,100.0,65.0,100.0,39.5,22.9
24,PGEN,2026-09-17,DarvasBox,7.87,64.6,1,83.9,65.0,100.0,58.7,22.9
25,CLFD,2026-09-17,CupHandle,30.64,64.4,1,100.0,65.0,100.0,31.8,22.9
26,VIRC,2026-09-15,CupHandle,6.18,63.9,1,100.0,65.0,100.0,24.7,24.6
27,AAPB,2026-09-11,CupHandle,43.46,63.1,1,100.0,65.0,100.0,31.8,32.8
28,EGBN,2026-09-09,CupHandle,27.33,62.8,1,100.0,65.0,100.0,59.6,11.4
29,VALU,2026-09-15,CupHandle,39.40,62.7,1,100.0,65.0,100.0,23.2,33.0
30,CYRX,2026-09-21,DarvasBox,17.62,62.3,1,81.0,65.0,100.0,57.6,22.9
31,MDRR,2026-09-09,CupHandle,13.01,62.2,1,100.0,65.0,100.0,8.5,32.9
32,MAGS,2026-09-17,CupHandle,70.78,62.0,1,100.0,65.0,100.0,64.8,14.3
33,RIBBU,2026-09-10,Spoon,14.90,61.6,1,100.0,65.0,100.0,1.4,34.9
34,AAPL,2026-09-11,CupHandle,332.27,61.5,1,100.0,65.0,100.0,38.2,11.4
35,BIIB,2026-09-28,DarvasBox,228.69,61.4,1,77.9,65.0,100.0,61.8,11.4
36,SHOO,2026-09-09,CupHandle,43.46,61.4,1,100.0,65.0,100.0,43.4,11.4
37,PDBC,2026-09-15,CupHandle,20.10,61.4,1,100.0,65.0,100.0,53.5,11.4
38,PBYI,2026-09-24,DarvasBox,9.82,61.3,1,79.0,65.0,100.0,56.3,18.6
39,BUG,2026-09-15,DarvasBox,45.30,61.2,1,91.7,65.0,100.0,53.2,11.4
40,BITS,2026-09-11,CupHandle,65.00,61.1,1,100.0,65.0,100.0,63.2,37.0
41,JEPQ,2026-09-21,CupHandle,61.01,60.4,1,100.0,65.0,100.0,51.3,11.4
42,NEOG,2026-09-21,DarvasBox,13.61,60.3,1,76.8,65.0,100.0,75.5,18.6
43,CDNA,2026-09-23,DarvasBox,54.31,59.5,1,75.3,65.0,100.0,70.4,14.3
44,BTF,2026-09-21,CupHandle,24.17,58.5,1,100.0,65.0,100.0,33.6,36.2
45,PTNQ,2026-09-21,CupHandle,89.45,58.5,1,100.0,65.0,100.0,100.0,22.0
46,RMTI,2026-09-21,DarvasBox,8.70,58.5,1,91.6,65.0,100.0,58.4,35.2
47,AVT,2026-09-23,DarvasBox,101.15,57.5,1,73.6,65.0,100.0,52.8,14.3
48,ENSG,2026-09-17,CupHandle,174.92,56.4,1,100.0,65.0,100.0,41.4,11.4
49,FVNNU,2026-09-10,CupHandle,14.25,56.0,1,75.8,65.0,100.0,26.3,32.5
50,RDWR,2026-09-15,CupHandle,29.77,55.3,1,100.0,65.0,100.0,53.1,14.3
