# Top 50 Chart Patterns - Composite Scoring (1-Month Optimized)
# Market: NYSE_Yahoo | End Date: 2026-10-05
# Format: Rank,Symbol,Date,Pattern,Price,Composite,Tier,Pattern,Momentum,Volatility,Volume,Risk
#
1,MG,2026-09-18,DarvasBox,20.75,89.3,1,87.9,51.0,100.0,36.5,11.4
2,SCA,2026-09-23,CupHandle,25.82,82.3,1,78.2,71.1,50.0,100.0,13.2
3,KODK,2026-09-18,CupHandle,9.55,81.2,1,79.1,51.4,55.2,51.9,0.0
4,TWN,2026-09-28,CupHandle,102.10,77.9,1,79.8,68.0,66.1,35.5,22.8
5,ASPN,2026-09-24,CupHandle,5.30,76.6,1,74.3,64.1,78.6,49.0,0.0
6,MTRN,2026-10-05,CupHandle,319.18,75.9,1,72.5,68.0,89.6,72.1,4.2
7,WAT,2026-09-28,DarvasBox,442.94,75.4,1,77.3,45.0,56.2,53.9,0.0
8,TK,2026-09-16,CupHandle,14.39,74.7,1,78.5,67.0,19.3,45.5,0.0
9,MTW,2026-09-18,DarvasBox,22.35,73.5,1,78.5,71.7,27.1,48.2,11.4
10,GDDY,2026-09-21,CupHandle,104.77,73.2,1,68.9,62.2,62.0,29.9,0.0
11,MCK,2026-10-01,CupHandle,898.82,73.0,1,70.2,68.0,64.1,46.8,3.8
12,AMRX,2026-09-21,DarvasBox,20.16,72.8,1,88.9,45.5,14.1,57.4,11.4
13,ASC,2026-09-30,CupHandle,18.66,72.6,1,72.7,37.4,74.5,54.0,0.0
14,DT,2026-09-22,DarvasBox,57.20,71.8,1,72.2,50.7,91.1,37.8,0.0
15,EDU,2026-09-24,CupHandle,57.08,71.1,1,80.4,71.6,99.0,57.5,0.0
16,NBXG,2026-09-30,CupHandle,15.69,71.0,1,64.3,67.1,80.7,54.4,0.0
17,WS,2026-09-29,CupHandle,35.64,70.9,1,66.3,68.0,74.0,66.1,5.7
18,BTX,2026-10-05,CupHandle,9.38,70.0,1,65.6,66.2,73.4,64.6,0.0
19,PBR,2026-10-05,CupHandle,24.14,69.9,1,72.2,68.0,47.9,73.0,2.5
20,ARW,2026-10-02,CupHandle,242.01,69.3,1,67.3,65.5,70.3,59.1,2.9
21,MFSG,2026-10-02,CupHandle,30.92,69.2,1,63.2,74.0,59.9,64.1,7.7
22,LLY,2026-09-30,CupHandle,1157.08,68.8,1,74.1,28.9,85.4,52.6,15.1
23,XCOR,2026-09-18,CupHandle,88.79,68.0,1,64.2,80.3,69.3,62.1,14.1
24,ALTG,2026-09-23,CupHandle,6.01,67.9,1,61.3,74.2,83.3,52.8,5.7
25,GAP,2026-09-28,CupHandle,22.95,67.7,1,71.3,74.0,28.6,50.5,5.7
26,ONTO,2026-09-18,CupHandle,263.43,67.5,1,65.9,55.0,90.6,51.7,0.7
27,PLPC,2026-09-17,CupHandle,412.82,67.5,1,65.7,68.0,95.3,51.6,15.7
28,PLpC,2026-09-17,CupHandle,412.82,67.5,1,65.7,68.0,95.3,51.6,15.7
29,CPA,2026-09-30,CupHandle,131.85,67.3,1,58.1,89.9,55.7,51.1,0.0
30,UMC,2026-10-05,CupHandle,23.92,67.2,1,79.2,15.0,62.0,58.4,12.1
31,BSTZ,2026-10-01,CupHandle,30.89,66.9,1,60.0,74.3,68.2,77.2,0.0
32,LPG,2026-09-16,CupHandle,57.86,66.6,1,71.9,46.0,43.2,52.5,0.0
33,AI,2026-09-18,CupHandle,10.48,66.5,1,69.4,62.6,41.7,53.1,7.1
34,ASX,2026-09-18,CupHandle,41.63,66.4,1,64.0,72.0,79.7,44.2,0.7
35,HCA,2026-09-18,CupHandle,427.71,66.0,1,64.7,68.4,53.6,37.2,22.9
36,GIC,2026-09-22,DarvasBox,41.85,65.9,1,70.5,44.7,62.0,46.5,0.0
37,SDRL,2026-09-15,CupHandle,49.76,65.3,1,82.5,61.7,60.9,52.9,2.9
38,TCAI,2026-10-05,CupHandle,47.88,65.3,1,62.1,85.5,83.9,56.6,8.5
39,MED,2026-09-25,CupHandle,12.17,64.5,1,76.0,68.3,100.0,43.3,14.3
40,PBT,2026-09-15,DarvasBox,36.09,64.4,1,74.2,68.0,80.2,100.0,0.0
41,EMR,2026-10-01,CupHandle,158.57,64.2,1,58.5,72.5,66.7,63.2,0.0
42,IT,2026-09-18,CupHandle,185.78,64.0,1,70.4,17.2,74.5,37.1,0.7
43,EQNR,2026-09-16,CupHandle,44.20,63.9,1,74.2,86.3,62.0,47.9,0.0
44,SHOC,2026-09-29,CupHandle,111.50,63.8,1,63.0,57.4,84.4,52.6,14.0
45,FLR,2026-09-18,CupHandle,54.90,63.4,1,75.6,68.0,71.4,54.9,2.9
46,SHEL,2026-10-01,CupHandle,95.61,63.1,1,67.4,68.0,43.2,64.5,0.0
47,GGB,2026-10-05,CupHandle,5.17,62.9,1,71.2,75.0,50.0,67.3,0.7
48,WCC,2026-09-28,CupHandle,364.67,62.9,1,60.8,68.0,69.3,51.8,0.0
49,HMC,2026-09-21,CupHandle,32.53,62.9,1,75.2,44.6,74.0,70.1,0.0
50,HBM,2026-09-28,CupHandle,26.87,62.7,1,74.6,74.4,60.9,53.9,1.4
