# Top 50 Chart Patterns - Composite Scoring (1-Month Optimized)
# Market: NYSE_Yahoo | End Date: 2026-09-25
# Format: Rank,Symbol,Date,Pattern,Price,Composite,Tier,Pattern,Momentum,Volatility,Volume,Risk
#
1,MG,2026-09-18,DarvasBox,20.75,93.8,1,88.1,70.9,93.2,59.1,0.0
2,AMRX,2026-09-21,DarvasBox,20.16,79.7,1,89.0,66.1,23.4,63.7,0.1
3,MTRN,2026-09-18,CupHandle,251.53,78.4,1,68.9,67.6,99.5,41.4,0.0
4,ONTO,2026-09-18,CupHandle,263.43,77.2,1,67.8,74.3,94.8,32.6,0.7
5,LLY,2026-09-18,CupHandle,1152.93,77.1,1,74.1,68.0,94.6,47.7,11.4
6,TMO,2026-09-17,DarvasBox,658.32,76.1,1,81.3,46.6,52.1,48.7,0.0
7,SCA,2026-09-25,CupHandle,26.12,75.4,1,85.6,42.7,50.0,78.2,13.6
8,DDS,2026-09-16,CupHandle,647.49,74.3,1,69.0,68.0,84.4,48.0,0.0
9,QGEN,2026-09-23,CupHandle,43.71,73.5,1,74.9,71.6,48.4,58.7,0.0
10,KEYS,2026-09-18,CupHandle,335.00,73.4,1,65.8,74.2,85.4,52.9,0.0
11,SBH,2026-09-14,CupHandle,16.01,73.1,1,74.3,73.9,57.3,47.9,2.9
12,AApB,2026-09-10,CupHandle,41.93,72.8,1,73.5,61.2,70.3,31.8,13.5
13,TAK,2026-09-24,CupHandle,18.59,71.4,1,72.0,56.2,78.6,54.1,11.4
14,CNK,2026-09-21,CupHandle,36.25,70.7,1,68.7,69.7,70.3,56.8,0.0
15,NEU,2026-09-08,CupHandle,867.70,70.7,1,67.6,68.0,97.9,49.4,0.0
16,KODK,2026-09-18,CupHandle,9.55,70.6,1,79.2,28.0,61.5,38.0,11.4
17,WS,2026-09-24,CupHandle,35.48,70.4,1,65.3,68.0,90.1,43.6,11.4
18,GIC,2026-09-25,DarvasBox,41.50,70.1,1,71.4,50.1,72.9,63.4,0.0
19,EDU,2026-09-24,CupHandle,57.08,69.9,1,74.3,60.3,89.1,51.3,2.9
20,ASPN,2026-09-25,CupHandle,5.22,69.1,1,74.0,26.2,82.8,84.4,15.0
21,T,2026-09-14,CupHandle,26.51,68.3,1,76.8,74.4,55.3,44.0,11.4
22,USPH,2026-09-18,CupHandle,82.47,68.2,1,61.6,71.6,93.2,49.7,2.9
23,AP,2026-09-24,CupHandle,8.67,67.8,1,63.8,70.7,93.8,72.1,15.3
24,TALO,2026-09-15,CupHandle,18.33,66.8,1,73.3,74.5,77.6,48.4,11.4
25,CON,2026-09-16,DarvasBox,36.37,66.5,1,68.1,57.5,80.2,38.6,11.4
26,PBT,2026-09-15,DarvasBox,36.11,66.3,1,75.1,47.1,97.9,34.0,3.3
27,DHR,2026-09-21,CupHandle,215.84,65.9,1,63.8,68.0,86.5,59.5,0.0
28,RGA,2026-09-08,CupHandle,247.14,64.6,1,65.9,68.0,68.2,52.1,11.4
29,DT,2026-09-21,DarvasBox,56.40,64.2,1,72.3,38.0,74.5,61.6,0.0
30,M,2026-09-14,CupHandle,22.58,64.1,1,70.1,62.4,27.6,39.8,3.6
31,DE,2026-09-23,CupHandle,709.48,63.4,1,71.2,32.5,89.1,43.1,11.4
32,SCCO,2026-09-08,CupHandle,208.56,63.3,1,65.8,68.0,100.0,44.3,12.1
33,SDRL,2026-09-15,CupHandle,49.76,63.1,1,79.7,45.5,73.4,38.9,14.3
34,NRT,2026-09-08,CupHandle,9.37,62.9,1,79.6,46.7,85.4,29.9,24.9
35,PACS,2026-09-10,CupHandle,44.85,61.5,1,59.5,68.0,87.5,46.3,5.7
36,UMC,2026-09-18,CupHandle,24.61,61.3,1,74.5,12.1,71.9,35.5,0.0
37,TNK,2026-09-11,DarvasBox,100.83,61.3,1,77.1,15.0,49.0,33.8,2.9
38,AAPw,2026-09-18,CupHandle,41.59,61.2,1,60.7,64.6,78.6,41.0,23.7
39,CXT,2026-09-09,CupHandle,50.67,61.1,1,66.3,68.0,68.8,55.7,3.6
40,CVX,2026-09-15,CupHandle,217.77,60.9,1,67.9,68.0,57.7,43.7,22.9
41,ROG,2026-09-23,CupHandle,139.44,60.3,1,59.4,49.3,81.8,57.0,12.1
42,JILL,2026-09-09,DarvasBox,21.74,60.3,1,81.3,24.9,7.8,38.4,0.7
43,TEN,2026-09-10,CupHandle,44.71,60.1,1,78.3,15.0,19.8,54.9,11.4
44,MED,2026-09-25,CupHandle,12.17,60.1,1,69.0,43.4,90.1,58.1,11.4
45,CVE,2026-09-14,CupHandle,33.27,60.1,1,68.1,52.1,90.6,55.7,14.3
46,MTD,2026-09-17,CupHandle,1410.44,60.0,1,67.1,68.0,30.7,49.0,7.3
47,SHEL,2026-09-09,CupHandle,95.60,59.8,1,65.4,63.0,39.6,48.4,0.0
48,BSAC,2026-09-08,CupHandle,35.55,59.8,1,65.5,74.5,57.3,47.4,10.0
49,KT,2026-09-11,CupHandle,19.90,59.6,1,69.9,43.9,73.4,50.0,11.4
50,WRBY,2026-09-24,CupHandle,26.27,59.5,1,61.7,68.0,66.7,69.2,12.9
