# Top 50 Chart Patterns - Composite Scoring (1-Month Optimized)
# Market: NASDAQ_Yahoo | End Date: 2026-10-08
# Format: Rank,Symbol,Date,Pattern,Price,Composite,Tier,Pattern,Momentum,Volatility,Volume,Risk
#
1,MSGM,2026-10-05,CupHandle,5.38,84.3,1,81.6,69.6,70.8,52.6,0.7
2,SPAM,2026-10-06,DarvasBox,49.18,77.2,1,79.9,34.9,76.0,67.6,13.9
3,BRBI,2026-10-05,CupHandle,13.76,77.1,1,87.1,68.0,25.0,100.0,26.3
4,FTXL,2026-10-07,CupHandle,258.23,76.8,1,83.3,15.0,83.9,56.5,0.7
5,QQXL,2026-10-06,CupHandle,62.64,75.1,1,86.5,15.0,64.1,63.6,13.9
6,ADSK,2026-10-05,CupHandle,221.56,71.5,1,63.4,68.0,99.5,52.1,11.4
7,KRT,2026-09-22,DarvasBox,52.20,71.4,1,79.0,15.0,81.8,49.0,0.0
8,ZBRA,2026-09-18,CupHandle,346.63,69.4,1,68.0,55.0,78.6,39.7,0.0
9,CLOD,2026-10-08,CupHandle,35.96,68.6,1,69.6,66.3,88.5,100.0,25.6
10,RELL,2026-10-06,CupHandle,19.05,68.6,1,62.3,70.8,86.5,100.0,0.0
11,FIVN,2026-09-21,DarvasBox,37.01,68.3,1,70.2,56.6,45.8,40.6,0.0
12,PTC,2026-10-05,CupHandle,192.26,67.9,1,74.4,68.0,24.5,100.0,8.7
13,NVEC,2026-10-07,CupHandle,111.92,67.8,1,72.2,15.0,92.2,48.0,0.9
14,MORN,2026-10-07,CupHandle,200.65,67.5,1,68.9,68.0,81.2,53.3,0.0
15,PYPL,2026-09-25,CupHandle,55.04,67.5,1,73.8,69.6,80.2,41.4,2.9
16,QQUP,2026-10-02,CupHandle,65.70,67.4,1,77.8,44.1,55.7,36.9,13.9
17,SPRX,2026-10-06,CupHandle,52.46,67.4,1,76.3,8.0,84.4,74.2,9.4
18,CHPX,2026-10-07,CupHandle,104.51,67.1,1,80.0,7.6,80.7,71.8,9.2
19,SMHX,2026-10-08,CupHandle,61.58,66.9,1,75.5,15.0,65.6,77.6,5.1
20,LAUR,2026-10-05,CupHandle,38.51,66.7,1,69.4,52.1,68.2,62.4,11.4
21,GGLL,2026-09-22,CupHandle,104.21,66.3,1,65.3,73.0,61.5,48.7,12.1
22,TSLA,2026-10-02,CupHandle,370.59,66.0,1,74.0,57.5,90.6,50.6,11.4
23,TRI,2026-09-23,CupHandle,98.45,65.9,1,65.4,68.0,87.0,44.7,2.9
24,MKTX,2026-09-25,CupHandle,164.19,65.0,1,79.4,57.2,84.9,39.9,11.4
25,TBCH,2026-10-02,CupHandle,13.99,64.8,1,72.2,14.2,89.1,79.1,2.9
26,AMRX,2026-09-21,DarvasBox,20.16,64.7,1,88.9,15.0,1.0,53.8,11.4
27,PBYI,2026-10-01,DarvasBox,9.84,64.0,1,70.4,57.0,55.2,55.0,11.4
28,PRAA,2026-09-18,CupHandle,21.00,63.8,1,70.2,56.3,43.2,40.3,0.0
29,STRC,2026-09-30,CupHandle,99.35,63.7,1,75.4,57.8,58.9,45.5,0.0
30,URBN,2026-10-06,CupHandle,80.25,63.3,1,63.9,55.6,96.4,53.5,0.0
31,BSET,2026-10-01,CupHandle,19.06,63.3,1,68.7,73.5,40.1,66.5,13.7
32,OLLI,2026-09-23,CupHandle,82.61,63.1,1,74.3,33.3,46.9,45.8,11.4
33,ADUS,2026-09-18,CupHandle,117.07,62.9,1,76.8,74.8,57.8,42.4,2.9
34,MU,2026-10-01,CupHandle,1097.39,62.3,1,76.3,15.0,84.4,49.6,0.7
35,WAY,2026-10-05,CupHandle,26.48,62.2,1,63.0,62.7,51.6,48.8,0.7
36,AVT,2026-10-02,DarvasBox,106.94,61.7,1,78.4,15.0,51.0,46.4,0.0
37,LYFT,2026-10-08,CupHandle,16.13,61.6,1,56.8,74.6,93.8,55.3,2.9
38,ADP,2026-09-18,CupHandle,271.22,61.2,1,68.4,68.0,86.5,38.9,2.9
39,WEST,2026-09-30,CupHandle,8.04,61.0,1,62.1,50.8,100.0,45.1,2.9
40,CRCT,2026-09-18,CupHandle,5.64,60.9,1,64.3,34.3,95.8,41.9,0.0
41,CHPS,2026-10-02,CupHandle,93.92,60.7,1,75.1,7.2,81.2,74.7,20.0
42,DIOD,2026-10-07,CupHandle,100.65,60.7,1,73.9,15.0,81.2,57.4,0.7
43,META,2026-09-18,CupHandle,665.23,60.5,1,75.3,25.6,28.6,32.0,2.9
44,NKSH,2026-10-05,CupHandle,42.97,60.1,1,67.3,67.9,96.4,59.6,9.6
45,KE,2026-10-08,CupHandle,28.79,60.0,1,72.1,29.7,49.0,54.1,5.7
46,FRHC,2026-10-02,CupHandle,173.00,59.9,1,78.1,21.0,82.8,75.7,11.8
47,VRSN,2026-09-21,CupHandle,308.18,59.8,1,60.0,72.4,92.2,77.7,0.0
48,NVDU,2026-10-02,CupHandle,152.61,59.7,1,67.4,15.0,88.5,51.9,0.7
49,SPCX,2026-10-05,CupHandle,171.09,59.5,1,71.9,16.3,84.9,53.8,0.0
50,GFGF,2026-10-06,CupHandle,37.11,59.2,1,65.4,67.5,72.4,80.5,14.2
